Pedro Reis | 1 | 5
2 | 1 | 1 | 0
0.450 | 0.250 | 0.200 | 0.000
525.500
1.250
526.750
10% | 52.675
474.075
 
Miguel Teles | 2 | 5
1 | 0 | 1 | 0
0.610 | 0.000 | 0.610 | 0.000
525.500
0.750
526.250
10% | 52.625
473.625
 
Nuno Reis | 3 | 4
2 | 1 | 0 | 1
1.500 | 0.250 | 0.000 | 1.250
520.500
2.000
522.500
10% | 52.250
470.250
 
Rafael Carrilho | 4 | 3
1 | 1 | 0 | 0
0.500 | 0.500 | 0.000 | 0.000
515.500
0.500
516.000
10% | 51.600
464.400
 
Nuno Nunes | 5 | 3
2 | 0 | 0 | 2
0.550 | 0.000 | 0.000 | 0.550
515.500
3.000
518.500
10% | 51.850
466.650
 
Osvaldo Pires | 6 | 2
0 | 0 | 0 | 0
0.000 | 0.000 | 0.000 | 0.000
510.500
0.000
510.500
10% | 51.050
459.450
 
Tiago Santos | 7 | 2
0 | 0 | 0 | 0
0.000 | 0.000 | 0.000 | 0.000
510.500
0.000
510.500
10% | 51.050
459.450
 
J. Almeida | 8 | 2
0 | 0 | 0 | 0
0.000 | 0.000 | 0.000 | 0.000
510.500
0.000
510.500
10% | 51.050
459.450
 
Rui Almondegas | 9 | 2
0 | 0 | 0 | 0
0.000 | 0.000 | 0.000 | 0.000
510.500
0.000
510.500
10% | 51.050
459.450
 
Anacleto | 10 | 1
0 | 0 | 0 | 0
0.000 | 0.000 | 0.000 | 0.000
505.500
0.000
505.500
10% | 50.550
454.950
 
José Manuel | 11 | 3
0 | 0 | 0 | 0
0.000 | 0.000 | 0.000 | 0.000
515.500
0.000
515.500
10% | 51.550
463.950
 
Rudolfo Bento | 12 | 3
0 | 0 | 0 | 0
0.000 | 0.000 | 0.000 | 0.000
515.500
0.000
515.500
10% | 51.550
463.950
 
Victor Valente | 13 | 1
0 | 0 | 0 | 0
0.000 | 0.000 | 0.000 | 0.000
505.500
0.000
505.500
10% | 50.550
454.950
 
Lúcia Portugal | 14 | 3
0 | 0 | 0 | 0
0.000 | 0.000 | 0.000 | 0.000
515.500
0.000
515.500
10% | 51.550
463.950
 
Vanessa Santos | 15 | 1
0 | 0 | 0 | 0
0.000 | 0.000 | 0.000 | 0.000
505.500
0.000
505.500
10% | 50.550
454.950
 
